0.0000000 0.0000000 0.9797980 
0.1191754 0.0000000 0.9797980 
0.0000000 0.1191754 0.9797980 

0.0000000 0.0000000 0.9797980 
0.2383507 0.0000000 0.9797980 
0.0000000 0.2383507 0.9797980 

0.4767014 0.0000000 0.9797980 
0.7150522 0.0000000 0.9797980 
0.4767014 0.2383507 0.9797980 

0.4767014 0.0000000 0.9797980 
0.4767014 0.2383507 0.9797980 
0.2383507 0.0000000 0.9797980 

0.4767014 0.0000000 0.9797980 
0.4767014 0.4767014 0.9797980 
0.0000000 0.0000000 0.9797980 

0.9534029 0.0000000 0.9797980 
1.1917536 0.0000000 0.9797980 
0.9534029 0.2383507 0.9797980 

0.9534029 0.0000000 0.9797980 
0.9534029 0.0000000 0.7757576 
0.9534029 0.2383507 0.9797980 

0.4767014 0.0000000 0.9797980 
0.7150522 0.0000000 0.9797980 
0.4767014 0.2383507 0.9797980 

0.0000000 0.0000000 0.9797980 
0.0893815 0.0297938 1.0422723 
0.0297938 0.0893815 0.9173236 

0.0000000 0.0000000 0.9797980 
0.0959049 0.0602884 1.0114872 
-0.0370179 0.0959049 0.9281881 

0.0000000 0.0000000 0.9797980 
0.1054898 0.0500574 1.0041351 
-0.0454955 0.1077707 0.9603072 

0.0000000 0.0000000 0.9797980 
0.0472592 -0.0889901 1.0149459 
0.0643332 0.0780804 1.0337187 

